0.23011962224437188 0.1490194553788879
0.4916134221232281 0.16709871420051303
-0.41064473762712594 -0.023116827998704757
-0.21053470306948907 0.12617516351978936
-0.2992403199767453 -0.09174300377727229
-0.022957474918905874 0.07649094139557369
0.1892919628523958 0.3830241071487992
0.4093894191269011 0.29519935999225383
0.3264356548490147 0.233050435173842
-0.2921544229819778 -0.002306405550417121
-0.392742114163688 -0.0020299031996551427
0.1295848327594008 0.0844634237611818
-0.07729649378114423 0.14783085599431986
0.385642734329838 0.2527824678681365
0.4039671848388482 0.14231714805262993
0.10700473550078715 0.16157452960967233
-0.3249224854550352 -0.07947194307508786
-0.45517974605185374 -0.10637113175491386
-0.3676768745530744 0.004736366296731825
0.12287096903716754 0.11506200378460171
-0.45776591016022095 -0.056014421888764945
-0.3180021490578204 -0.11605650846970393
0.046513625528540437 0.14252562336794117
-0.39814688439024126 -0.011859361579206074
-0.06877626540763226 0.06861207867276109
0.030283682638202913 0.0349525138131663
0.37292478924967565 0.2017040347775311
-0.3393057324137091 -0.11630240525597654
-0.05376477204662722 0.09213504074236373
0.47932433596674906 0.2272274853576811
0.36092084262003243 0.21438065022705802
-0.3454244263683258 0.07293634882225236
-0.3967237620162436 0.141522083468407
-0.10296048773543232 0.15023319128064166
-0.43701640931855856 -0.09123472122112355
-0.2899802581751002 0.05509167305878471
0.02520546692263792 0.20320946124666
-0.3549358015365426 0.017075864260849047
0.05640024817893341 0.14670129350047964
0.03489123018356133 0.2274849675849776
-0.21512860754060115 0.05072649809394243
0.39730376359691766 0.1447269821876175
-0.3873664372180764 0.004986844460958706
0.37905883218320113 0.11391990985474401
0.24868304186066292 0.2036288679666754
0.4696405338186215 0.26966592890670654
0.1457038937562779 0.20001275623823875
-0.11645566313777089 0.085023730761898
-0.011241585443897417 0.008352963872619842
-0.25128743795623565 -0.08457235508415928
-0.3726426226249113 -0.05961809706643122
-0.2985118499747931 -0.013380089847850139
0.07886691238751498 0.14017772594935204
-0.031180946907201745 0.12195954499724476
0.0444906921452638 0.17918683223071175
0.20102141026970366 0.21157364484090577
0.36770182094666937 0.22592954572980298
-0.47161113582553327 0.006984769739498672
0.3932473280143185 0.22650887753362706
0.26814136004174793 0.1467817527345996
-0.3674102247544412 -0.02060990889137947
0.26108172842948096 0.09673690784940105
0.15439618078107298 0.033463922839665164
0.21694456423005848 0.18008432032050437
-0.14243590738931344 0.08556613356748899
-0.418525278158966 -0.08252571641016263
0.17604815806443264 0.15175654710537825
0.08508070891650465 0.06185569188640801
-0.24820065961417337 0.026054596042295975
0.21141898130132186 0.10009982459778693
0.40246226333932456 0.22721606441905662
-0.3559526438530801 0.04288806960024824
0.027724706201466942 0.08568539023862182
0.2605349164925821 0.2380055742464188
0.4316375762923348 0.16217477336686836
0.28695371341427556 0.0139112643920275
-0.10729583913665608 0.0804486862742689
-0.2170534837297059 -0.007071192909327249
0.45958290787801004 0.19981022869027296
0.07063940757157305 0.13269772637403007
-0.3260082198937927 -0.021587369864763718
0.06223855995981775 0.06514968628156356
-0.2243986657565542 0.0037102927590073505
-0.4154577765016306 0.06218242271208449
0.4937403553080979 0.32891153217499247
-0.21224685491792972 -0.02722155509514025
-0.38937770976747477 -0.03206861156408636
-0.004533847816149517 0.07738259208174506
0.4391628397414685 0.2707340492848448
-0.022275289630746653 0.22017292329085372
-0.19044144868651824 -0.003293106408290808
-0.4245905742195929 0.010132864862993973
-0.26748479216425036 -0.042635155552612054
-0.021614169569101116 0.11769536272569991
0.4988616366801297 0.27872469894266494
0.2588696359796022 0.20875675694804485
-0.0036094303985642062 0.056532568928594394
0.12305836849652518 0.2640602591153727
-0.3481061436810642 0.04852934422859698
0.2965511162903286 0.23477596778502902
